1.0
0.995311900744
0.994455253832
0.993625357996
0.992838944061
0.991391123371
0.991315333076
0.990241965564
0.990163701261
0.989355714659
0.989239895725
0.989290789096
0.989340243608
0.989160015595
0.989016565357
0.98880726578
0.988857080471
0.988807530387
0.98861789964
0.988670022937
0.988635298782
0.98850119549
0.988520981052
0.988587866647
0.988510834088
0.988434579879
0.988498254694
0.988137387902
0.988236942974
0.988264004045
0.988016614679
0.988058506092
0.988051515945
0.988136741861
0.987957971755
0.987910374312
0.987865211297
0.987914394774
0.987893416729
0.987964323419
0.987954674569
0.987922197216
0.987993519208
0.988010569828
0.987959682966
0.987964979591
0.987993490008
0.987958124407
0.987994427727
0.987963239993
0.987918720539
0.987911805248
0.987969791348
0.987936907074
0.987993459063
0.987926917296
0.987936311
0.987946428812
0.987966535344
0.987965392141
0.987967609026
0.987874987058
0.98790614018
0.987944236649
0.987947276694
0.987952300955
0.987977702613
0.98801590623
0.987977977561
0.988013063535
0.987940871501
0.987943187332
0.987938437912
0.987987482669
0.987931920504
0.987934211742
0.987943412207
0.987984666527
0.987977284231
0.987967991351
0.987950306924
0.987944877442
0.987973415453
0.987970437734
0.987955316368
0.987965045415
0.988000672111
0.987989223083
0.987944951644
0.987954697099
0.987948461188
0.987972109258
0.987965858108
0.987974008426
0.987963357702
0.987992144089
0.987987386966
0.987982880457
0.988000402899
0.988003700265
0.987965636139
0.987976041918
0.987958675807
0.987994113799
0.98801086582
0.987951829971
0.987950858404
0.987984193613
0.987970609953
0.987982756052
0.987999154603
0.988020743144
0.988030000015
0.988043647929
0.987978165706
0.987978042905
0.987972564827
0.9879894932
0.98800542009
0.9880302348
0.988021652631
0.98801042217
0.987992407635
0.988005005981
0.988013558539
0.98801568241
0.988025615865
0.988036548802
0.988043061919
0.988037625142
0.988047039135
0.988028993254
0.988049782654
0.988042037156
0.988058225234
0.988022882765
0.988041945659
0.988040779391
0.988060096452
0.98806459246
0.988038571427
0.988038389918
0.98803946799
0.98805839147
0.988057161305
0.988078544565
0.988075945114
0.98807466057
0.988073141173
0.988091705483
0.988080177227
0.988098134002
0.988118724225
0.988121797108
0.988130689245
0.988112149226
0.988117374381
0.988087925081
0.988089159911
0.988100861835
0.988088952419
0.988101609926
0.988115619169
0.988100801002
0.988120798243
0.988112696841
0.988122018647
0.988120365754
0.98811534081
0.988131868559
0.988143642249
0.988145775666
0.98816746152
0.988169983946
0.98817781872
0.988140437377
0.988161965783
0.988154308499
0.988174550427
0.988174013588
0.988174131765
0.988188903098
0.988194263997
0.988208476382
0.988200168523
0.988194844613
0.988208100477
0.988223730367
0.988210101818
0.988231176256
0.988239359362
0.988256697344
0.988247669842
0.988262404235
0.988262369835
0.988257169278
0.988249909784
0.988268126958
0.988266580214
0.988285376269
0.988252802805
0.988269072061
0.988260274413
0.988260678934
0.988271318894
0.988264255682
0.988278557939
0.988279568062
0.988293780778
0.988281081756
0.988284257005
0.988295168217
0.988307190536
0.988310509503
0.988324269628
0.988319878223
0.98832767242
0.988324450534
0.988314536053
0.988327995372
0.988325904087
0.988335491563
0.988337262051
0.98834732529
0.988351865038
0.988358584423
0.988357925811
0.988363494765
0.988364374845
0.988364980757
0.9883546582
0.988361618775
0.988364729074
0.988379447975
0.988377414057
0.988365084936
0.988370146094
0.988378834632
0.988375107869
0.988385659594
0.988376540938
0.988390422034
0.988371304797
0.988375330281
0.988368007759
0.988360458429
0.988363390779
0.98837285144
0.988381880938
0.988384982052
0.988388337045
0.988395041124
0.988407388293
0.988409848914
0.988419488998
0.988405175107
0.988409315109
0.988414614636
0.988428710312
0.988427883772
0.98843537083
0.988443302745
0.98843985663
0.988448139967
0.988455298337
0.988470732439
0.988470181696
0.988482551479
0.98849064974
0.988482548168
0.988468830513
0.988484716643
0.988493443407
0.988502598981
0.988509178238
0.98851878391
0.988517910386
0.988528909737
0.988536005367
0.988552064033
0.988557226677
0.988571326087
0.988565397071
0.988577877807
0.988586701325
0.988590853357
0.988602822465
0.988602198835
0.988612156525
0.988597970951
0.988606228277
0.988609141526
0.988611758729
0.988605986209
0.988614997024
0.988611731176
0.988611500577
0.988619944716
0.988632210517
0.988633655745
0.988634365302
0.988646352307
0.988645419611
0.988638924629
0.988645020798
0.988648868066
0.988653347509
0.988665524763
0.988664368352
0.988656698298
0.988657164473
0.988668513771
0.988675797847
0.988681756475
0.988676877895
0.988679433349
0.988666552417
0.988673752703
0.988677104446
0.988687961763
0.988686935815
0.988699850169
0.98870947988
0.988708047351
0.988717171121
0.988716122772
0.98872281111
0.988732414187
0.988741332956
0.988728115873
0.988721812872
0.98871870412
0.988728228262
0.988731873512
0.988730050205
0.988727207855
0.988723367746
0.988730669826
0.98873235489
0.988738755222
0.988735525705
0.988743363454
0.988746491869
0.988750738308
0.988758513025
0.988763637498
0.988764317638
0.988773506969
0.988770519325
0.988756568522
0.98876398092
0.98877525747
0.988781040063
0.988791433978
0.988795456256
0.988807203726
0.988795672095
0.988798021969
0.988803035624
0.98880722923
0.988807295408
0.988818798596
0.988828857216
0.988817712064
0.988826417027
0.988827860313
0.98883530283
0.988839756029
0.988848332363
0.988852047296
0.988850777426
0.988849959578
0.98885948274
0.988861125732
0.988869098766
0.988861222782
0.988870253075
0.988876545783
0.988882460885
0.98888616777
0.988884292142
0.988891123441
0.988895115793
0.988886544705
0.988889146905
0.988885912931
0.98889021249
0.988895920979
0.988891585999
0.988893710731
0.988880199316
0.988883736431
0.98888164753
0.988888231729
0.988889827948
0.988894650518
0.988885939712
0.988893344033
0.988897334218
0.98890487751
0.988904514196
0.988911814047
0.988920475375
0.988914658802
0.988923037486
0.988919826407
0.988928115162
0.98893324784
0.988939765293
0.988927097456
0.988907647512
0.988910581099
0.988918959784
0.988922773583
0.988929251661
0.988930478591
0.988938525023
0.988920512867
0.988929388992
0.988932798742
0.988935631716
0.988940410938
0.988941163362
0.988950129453
0.988949604821
0.988954008497
0.988955820568
0.988959740218
0.988962599052
0.988969166794
0.988955159815
0.988963595427
0.988966218766
0.988975335546
0.988968919796
0.988966532274
0.988970800959
0.98896394736
0.988961114579
0.988966993379
0.988969393275
0.988977216957
0.988977523755
0.988972549908
0.988974226995
0.988974744947
0.988977078644
0.988980024223
0.988983877946
0.988986162412
0.98897286812
0.988973219312
0.988973448536
0.988973687134
0.98898016534
0.988974623887
0.988981752141
0.988972423935
0.988979529358
0.98897762281
0.988976698697
0.988977628173
0.988980727366
0.988985560533
0.98897678152
0.988977420247
0.988973039671
0.988973752411
0.98897266884
0.988973395567
0.988974382949
0.988970008519
0.988968198089
0.988971729159
0.988969935379
0.988967384689
0.988964862665
0.988964737262
0.988969512176
0.988967218621
0.988962607862
0.988964026614
0.98896775139
0.988963308035
0.988961834537
0.98895838396
0.988964190039
0.988955121162
0.988958085364
0.988961274621
0.988935089585
0.988935603081
0.988938212221
0.988937928489
0.988943939201
0.988942276023
0.98894421631
0.988936036574
0.988941163658
0.988941638332
0.988936259368
0.988941169098
0.988942353786
0.988946403913
0.988941494662
0.988943539555
0.988943619523
0.988949017333
0.988948621708
0.988950734057
0.988944197235
0.988944128425
0.988946342689
0.988946455111
0.988937357977
0.988938553493
0.988939668297
0.988940420352
0.988939356406
0.988945335526
0.988943017723
0.988943095237
0.988947344638
0.988948588144
0.988944342519
0.988945242121
0.98894956796
0.988951417465
0.98895404241
0.988954551792
0.988954478964
0.988945798785
0.988951349556
0.988959298318
0.98896360295
0.988964603733
0.98897064211
0.988960403631
0.988961998097
0.988966793853
0.988967830926
0.988970592242
0.988970717852
0.988974828365
0.988968177304
0.988971838502
0.98896622742
0.988971815891
0.988969214812
0.988973061298
0.988965329553
0.988959711591
0.988965132057
0.988970155249
0.988973060992
0.98897493988
0.988978078563
0.98897287931
0.988966012448
0.988971278561
0.988968904064
0.988975788395
0.988975847223
0.988976722802
0.98897702629
0.988974172675
0.988973107103
0.988977371042
0.988982793869
0.988984888003
0.988987835088
0.988976801581
0.988979026811
0.988985755826
0.988980796087
0.988981427189
0.988986391768
0.988990429078
0.98899032976
0.988993874455
0.988991456718
0.988996539038
0.989000849484
0.988998614299
0.988986056421
0.988989254786
0.988989639318
0.988995435131
0.988996546955
0.989002265735
0.989002720912
0.988990928966
0.988982441233
0.988987539524
0.98899263905
0.988992728867
0.98899550487
0.989000230174
0.988996071508
0.98900158142
0.988991515959
0.988995743981
0.988997847035
0.989001717714
0.989005718727
0.988991226035
0.988997651946
0.988999626919
0.989006426084
0.988998695437
0.989004728705
0.988995939
0.989000747343
0.989002345234
0.989007706001
0.989008204091
0.989011150135
0.989011550299
0.989004880238
0.989008078254
0.989011190556
0.989017116965
0.989019460718
0.989024928909
0.989024374337
0.989014825972
0.989015760802
0.989008853862
0.989011351557
0.98901823541
0.989015026184
0.989010550026
0.989011676435
0.989017384598
0.989019694696
0.989003711216
0.989008986122
0.98901347282
0.989004768888
0.989010216037
0.989007865499
0.989013755077
0.989017588711
0.9890217022
0.989011375711
0.989003468206
0.98900467659
0.989005194178
0.989011419238
0.989014577776
0.989019748438
0.989022563288
0.989012900343
0.988998429775
0.98900094079
0.988995741155
0.988997739148
0.98899878114
0.98899312768
0.9889899334
0.988989702501
0.988983829408
0.988985613433
0.98898323834
0.988986283045
0.988965976757
0.988968057486
0.988968481627
0.988970749181
0.988973301105
0.988964063095
0.988964095768
0.98894708888
0.988951588513
0.988955021972
0.988955471304
0.988957544871
0.988961561756
0.988947851803
0.98894221032
0.988939193192
0.988942387207
0.988947390784
0.988948984915
0.988950941619
0.988939663322
0.988942226854
0.988928169785
0.988928154807
0.988925587642
0.988926097421
0.988920344007
0.988913407361
0.988910037933
0.988912900785
0.988913856266
0.988904267208
0.988906373903
0.988893464491
0.988892738448
0.988890787809
0.988892843145
0.988895635175
0.988899170139
0.988900007087
0.988871769899
0.988873296963
0.988876988412
0.988878890657
0.988879505634
0.988877822499
0.988883821111
0.988866410444
0.988868850709
0.988864978273
0.98886594537
0.988868098464
0.988868190135
0.988869073799
0.988854859666
0.988855516245
0.98885778839
0.988857044723
0.988857093054
0.988861193633
0.988838600658
0.988840877892
0.98884209438
0.988845534466
0.988847125054
0.988845007586
0.988833594373
0.988824110177
0.988824153642
0.988825513838
0.988826098386
0.988827748771
0.988829421427
0.988826827513
0.988812044258
0.988812566537
0.988816505831
0.988813747769
0.988817311055
0.988815593879
0.988792164306
0.988789622045
0.988791848642
0.988786153019
0.98878880969
0.988781402615
0.988784830063
0.988756952746
0.988758318507
0.988756294942
0.988753552984
0.988751514451
0.988744940952
0.988742879056
0.988725474856
0.988719417498
0.988715180141
0.988712953586
0.988707529239
0.988705946745
0.988700276247
0.9886756033
0.988673615262
0.988673443487
0.988670969977
0.988670225621
0.988659399051
0.98862087857
0.988619336948
0.988619605383
0.988615958447
0.988616593933
0.988614773466
0.988617492387
0.988576122773
0.98857119077
0.988572157454
0.988570656656
0.98857043278
0.988566746131
0.988564209491
0.9885359883
0.988533498271
0.988534489664
0.988531875498
0.988528134931
0.988528222253
0.988494909866
0.98849503263
0.988492559097
0.988487372739
0.988482653417
0.988482475509
0.988480587082
0.988451732975
0.988440118057
0.988440161279
0.988439422052
0.988435634866
0.988436931372
0.988423695648
0.988385113776
0.988382456671
0.988380671414
0.988375603129
0.988365320523
0.988364134788
0.988362974189
0.988326032445
0.988326650136
0.988314065746
0.988311968268
0.988303922647
0.988300078828
0.988269050338
0.988255458427
0.988250977968
0.988248050455
0.988247161985
0.988239515855
0.98822640116
0.988193206794
0.988190747291
0.988187666418
0.988187312103
0.988175206798
0.988174270583
0.988172843072
0.988133614686
0.988125947938
0.988113460041
0.988108666049
0.988106809468
0.988095909475
0.988064160435
0.988048599706
0.988042030058
0.988041705634
0.988035759739
0.988026948156
0.988009089128
0.987976620555
0.987968702797
0.987964540897
0.987958504544
0.987930881559
0.987925744792
0.987921683474
0.987882935776
0.987876379286
0.987858741954
0.987854702704
0.98784815439
0.987844735074
0.987825794765
0.98779620693
0.987789070878
0.987781917558
0.987769618252
0.987763636184
0.987752740005
0.987705375135
0.987694309855
0.987688896305
0.987684626626
0.987666903704
0.98765986189
0.9876561282
0.987615969095
0.987607594978
0.987590015998
0.987584207238
0.987577387557
0.987568209034
0.987553659592
0.987508730373
0.98750170435
0.987492251512
0.98748354465
0.987470334517
0.98745797792
0.987401174105
0.98737662374
0.987356875394
0.987340672675
0.987323468354
0.987309220658
0.987281481587
0.987260513138
0.987238880655
0.987206881984
0.987160090379
0.987135637422
0.987116717162
0.987094424777
0.987053699536
0.987019630845
0.98698639144
0.986947429005
0.986912130608
0.986866592541
0.986828032282
0.986788095233
0.986732865852
0.986672865783
0.986614748479
0.986561770516
0.986514378371
0.986461580385
0.986373853563
0.986289352747
0.986213656343
0.986064760153
0.985980441876
0.985904521921
0.98596556176
0.985827342446
0.985741780596
0.985663750051
0.985586192081
0.985446233053
0.985363012094
0.985334176783
0.985200236978
0.985056205602
0.984846311119
0.984705903947
0.984569566003
0.984751919275
0.984540348366
0.984389595527
0.984258187203
0.984119003981
0.983917203525
0.983775080546
0.983781482383
0.983687173092
0.983421956326
0.983313447219
0.983203360604
0.983068886611
0.983000753935
0.983026934011
0.982912755578
0.982811644168
0.982621735877
0.982536355793
0.982436442608
0.982351534348
0.982386691956
0.982176548524
0.982067096699
0.981966704601
0.981868766885
0.981697972468
0.981740409304
0.981635225924
0.981510875754
0.981330367436
0.981214372899
0.981054716457
0.980916823888
0.980809423931
0.980543024752
0.980255126458
0.979905440792
0.979476624241
0.979064219207
0.978733182866
0.978419876385
0.977764299716
0.976900958608
0.975987106138
0.976272175258
0.975123804095
0.97470750101
0.973046706119
0.971767896319
0.970092294992
0.968324126495
0.966974153798
0.96528838416
0.963339653968
0.961107655248
0.960169424123
0.958550082373
0.954158100562
0.950250680133
0.946948670014
0.942342633254
0.942066802892
0.938489411183
0.936005099717
0.930819808529
0.924150947433
0.914941657948