1.0
0.992897714336
0.989103670559
0.985613828112
0.982259190329
0.981300464665
0.978288609047
0.976993483971
0.977167219375
0.976262888731
0.976307388126
0.975703105287
0.97480965729
0.974781893022
0.974513620524
0.974339274724
0.974528406771
0.974459912437
0.973715009086
0.973596925871
0.973684021885
0.973363726309
0.97354980439
0.973613859586
0.973355820415
0.973264331436
0.973427373644
0.973353102797
0.973192835045
0.973253631255
0.973211016007
0.973226540953
0.973247084379
0.973142803666
0.973180566338
0.973072552773
0.972976300886
0.972977712071
0.972970475883
0.972769545776
0.972819137108
0.97286019656
0.972586928858
0.972648496999
0.972668234643
0.972605883546
0.972526869577
0.972545456347
0.972434342556
0.972443838789
0.972481224199
0.972521080828
0.972580724492
0.972481313026
0.972428048507
0.972478360834
0.972384511803
0.972392476846
0.972446723343
0.972447612911
0.972362651823
0.97235201314
0.972370841236
0.97236771055
0.972409987951
0.972436850197
0.972375643246
0.972368893847
0.972382256717
0.972441406846
0.972353261276
0.972371212546
0.972377161861
0.972443457415
0.972365576137
0.972402261264
0.972448477477
0.972359086726
0.97239916489
0.972441156898
0.972405258952
0.972417578657
0.972431736549
0.972402902101
0.972326422615
0.972358942858
0.972331386428
0.972369920888
0.972376103842
0.972316365779
0.972356617729
0.9723556047
0.972339194275
0.972340707386
0.972335978177
0.972285932606
0.972310426258
0.972343766477
0.972265078309
0.9722929144
0.972296983092
0.972271599059
0.972282871298
0.972231646561
0.972258315509
0.97224112684
0.97224519685
0.972227203016
0.972236073187
0.97221204924
0.97225002411
0.972281135612
0.972187870804
0.972205881345
0.972222126538
0.972233918208
0.972230024223
0.972243073991
0.972251467027
0.972202898394
0.9722207564
0.972219450107
0.972243006817
0.972263257881
0.972245393323
0.972240365596
0.972243511812
0.972263407198
0.972307692067
0.972341624725
0.972339011838
0.972285400802
0.97233851702
0.972319005718
0.972347463489
0.972364452446
0.972381900687
0.972361334646
0.972392914616
0.972424450595
0.972408345629
0.972427465164
0.972459622074
0.972451565124
0.972453176581
0.97246358061
0.972499108084
0.972501055028
0.972468055018
0.97250562085
0.972492514758
0.972513583556
0.972547605657
0.972551638265
0.972529420013
0.972515589324
0.972532336576
0.972559261494
0.972573704247
0.972561095753
0.972590825135
0.972596939654
0.972620314644
0.972647027403
0.972660964428
0.97266103945
0.97266600358
0.972688684607
0.972684719775
0.972705936723
0.972728438386
0.972736670567
0.972725484367
0.972728285021
0.972747170291
0.972755079008
0.972778903485
0.97279462032
0.972777540769
0.972769679638
0.972781664078
0.972803041238
0.972802536796
0.972824150191
0.972837615102
0.972852731109
0.972850256168
0.972848357155
0.972865219383
0.972840883298
0.972851310716
0.972876229486
0.972884961092
0.972896118761
0.972907402006
0.972916806019
0.972886729292
0.972911934066
0.972935208712
0.972961752571
0.972949508633
0.972982309921
0.972981574497
0.972968851671
0.972984527218
0.973014624764
0.973015068677
0.973016876312
0.973023267315
0.973033312714
0.973028840745
0.973050042643
0.973067566588
0.973085716428
0.973060736804
0.973066020686
0.973088782438
0.97310517086
0.973107419756
0.973115883841
0.973134332686
0.97311089055
0.973137182301
0.973155656021
0.973131305003
0.97312212319
0.973152528227
0.973164067583
0.973157778156
0.97318941169
0.9731918964
0.973171529954
0.973194231858
0.973207617588
0.973225853139
0.973236989781
0.973247008097
0.973234420094
0.973258690443
0.973266264837
0.973282055686
0.973307991302
0.973278447322
0.973265250463
0.973288004577
0.973291875933
0.973308994858
0.973333448354
0.97335293839
0.973343056843
0.973359274511
0.9733838613
0.973396990188
0.973406179952
0.973425323437
0.973411103076
0.973411733399
0.973437154629
0.97345604617
0.973453097309
0.973476653688
0.973476933291
0.973482619749
0.973486106151
0.97351243116
0.973522395295
0.973531465394
0.97352743835
0.973538260386
0.973562409708
0.973551634484
0.973564532325
0.973587736695
0.973563937718
0.973558955832
0.973568669353
0.973589240268
0.973578651064
0.973600920132
0.973599619816
0.973576747141
0.973590189326
0.973606240865
0.973606966278
0.973607931083
0.973620562698
0.973630114131
0.973627905039
0.973645136515
0.97364388626
0.973665950182
0.973659422163
0.9736738015
0.973692044905
0.973689769725
0.973695044461
0.973689371066
0.973709799108
0.973698697532
0.973716537294
0.973722958667
0.97372104972
0.973731588973
0.973737778254
0.973755596158
0.973764679045
0.97377987417
0.973791310032
0.973780872011
0.97379388368
0.973807211081
0.973827655914
0.973821050868
0.973843553512
0.973844089303
0.973836127836
0.973856067921
0.97386939279
0.973870608008
0.973878957734
0.973882189831
0.973898816461
0.97389905703
0.97391640745
0.973927954653
0.97394696333
0.97392791345
0.973942621514
0.973957378717
0.973960618869
0.973974651834
0.973983694275
0.973981747068
0.973977208802
0.97398980378
0.974006796397
0.974010246342
0.974022134717
0.974028045189
0.974040020593
0.97403452014
0.97404846662
0.97406912147
0.974075450929
0.974084136418
0.974096193057
0.974114967118
0.974113231486
0.97412350014
0.974139459433
0.974122199917
0.974141607633
0.974158067911
0.974171904384
0.974170090923
0.974173535211
0.974165661866
0.974171349706
0.974185699762
0.97419129437
0.974204748005
0.974198799167
0.974205258982
0.974224053928
0.974228348312
0.974233264391
0.974249869328
0.974252303378
0.974245563494
0.974264361778
0.974281516013
0.974282029394
0.974302524069
0.974296184101
0.974301741432
0.974312657466
0.974330699812
0.974339204507
0.974344675772
0.974342161518
0.974350624611
0.974367285084
0.974373854649
0.974384634357
0.974396307915
0.974389601986
0.974400683447
0.974413455531
0.974427325121
0.974428398074
0.974442727727
0.974436580056
0.974435359597
0.974440843996
0.974459760913
0.974469287534
0.974473766981
0.974476096955
0.97448570868
0.974487290824
0.974503434372
0.97452012927
0.974529673323
0.974506252612
0.974520557923
0.974531332465
0.974527637631
0.974535102204
0.9745520767
0.974545763756
0.974540719137
0.974551064348
0.974559296491
0.974565141171
0.974576345238
0.97456609419
0.974581040479
0.974587188147
0.974594752363
0.974607025885
0.974612952103
0.974610448729
0.974626195396
0.974636711135
0.974636409416
0.974644558775
0.974661295503
0.974645095289
0.974652023587
0.974666433262
0.974673422985
0.974673440009
0.974680903324
0.974687140517
0.974690793604
0.974699593718
0.974709731563
0.97472171656
0.974704844308
0.974706822821
0.974716827948
0.974722208492
0.974718322845
0.974734401463
0.974730082279
0.974728620903
0.974744481917
0.974750981336
0.974746527104
0.974757829209
0.97474653273
0.974757031761
0.974752653229
0.974762163235
0.974771474626
0.974776449469
0.974764053928
0.974776069089
0.974782048281
0.974784297634
0.974789717562
0.974795652234
0.974773603902
0.974782866826
0.974793842698
0.974792849151
0.974792672904
0.974807164442
0.974799271293
0.974798717956
0.974812141056
0.974820644834
0.974832558323
0.974829781302
0.974825218747
0.974835479845
0.974842039023
0.974839240841
0.974851572523
0.974859985221
0.974839878165
0.974852963401
0.97485797663
0.974852502199
0.974862256342
0.974875504492
0.974868586912
0.974868505848
0.974880338445
0.974872427103
0.974875937145
0.974878939531
0.974868229602
0.974873067657
0.974869559293
0.974872383496
0.974878799913
0.974881524135
0.97486790055
0.974880043393
0.974865295748
0.974875272691
0.974884274811
0.974879238957
0.974884813791
0.97489447081
0.97489369851
0.974885360346
0.974894494661
0.974885345734
0.974888491693
0.974892032779
0.974888364469
0.974900671253
0.974899629975
0.974893589531
0.974905620037
0.974912530051
0.974904698661
0.97491243562
0.974922742325
0.974899394024
0.974908362381
0.974918968933
0.974914521871
0.974918971191
0.974928436904
0.974924974303
0.974921272909
0.974927292368
0.974932588133
0.974942275779
0.974943000155
0.974938044087
0.97494964248
0.974948905287
0.974946460109
0.974957941351
0.974967393447
0.974962045942
0.974969898242
0.974968877966
0.974967134952
0.974974770936
0.974984795946
0.974977627867
0.974979244267
0.974986670813
0.974989639834
0.974984083853
0.974988815227
0.974985013603
0.974990980073
0.97498184542
0.974986759025
0.97499382385
0.974987875465
0.974984044218
0.974995294798
0.974991185548
0.974986349922
0.974991014315
0.974997980223
0.974986247626
0.974992303652
0.974999081503
0.97500564594
0.975007087154
0.975017225672
0.975008520834
0.975009455726
0.975011864505
0.975020965144
0.975022022163
0.974993037577
0.975002259278
0.975010826075
0.975001585471
0.975006066265
0.975016614931
0.975009209516
0.975006245714
0.975012107851
0.975015422462
0.975010820083
0.975015212777
0.975003839543
0.975010555213
0.975007531818
0.975003784184
0.975008995185
0.975006976204
0.974993925901
0.975003283017
0.975009962482
0.97500558456
0.974998683209
0.975002980147
0.974978402903
0.974981440236
0.974976976116
0.974987159115
0.974979129558
0.974981867394
0.974965659754
0.974961889341
0.97496159133
0.974965779664
0.974961097003
0.974952100006
0.974941156486
0.974945302114
0.974939415397
0.974947521558
0.974950699225
0.974957588481
0.974934093988
0.974937555398
0.974937132585
0.974931861278
0.974934481721
0.974940958274
0.974932315158
0.974930533078
0.974934680826
0.97494202296
0.974946962049
0.974942351166
0.974924276085
0.97492951751
0.974918027727
0.974925404403
0.974931759611
0.9749234489
0.97491643207
0.974920365089
0.974917637786
0.974906585551
0.974908574965
0.97490892777
0.974882376196
0.97488799732
0.974891975198
0.974899784816
0.974895646158
0.974877333824
0.974878613507
0.974864280942
0.974867356844
0.974870029898
0.97487548399
0.974847535617
0.974846622791
0.974846976388
0.974840599055
0.974847001351
0.974841516912
0.974823135505
0.97481869988
0.974823928315
0.974824331498
0.974817447916
0.974825608677
0.974808696143
0.974807592062
0.974793499264
0.974795324901
0.974787644242
0.974779697738
0.974766310251
0.974766378631
0.974770220072
0.974766189823
0.974767594881
0.974767410824
0.974728223839
0.974734772115
0.974737006807
0.974742401149
0.97472423623
0.974724129706
0.974704224184
0.974686186748
0.974684113845
0.97468365035
0.974686516573
0.974673467665
0.974639457019
0.974645095035
0.974620685665
0.974623395452
0.97462156617
0.974612633208
0.974582828118
0.974574236384
0.974575187451
0.974556434154
0.974557564171
0.974548045262
0.974528995069
0.974500629318
0.974493114888
0.974492937575
0.974473824885
0.974473589915
0.974446681098
0.974444707935
0.974427132815
0.974424404848
0.974424101362
0.974408103082
0.974379840227
0.97436781825
0.974369000696
0.974355715866
0.974346219722
0.974319687299
0.974301824416
0.974294658724
0.97428872796
0.974280814022
0.974264720317
0.97424020728
0.974242038266
0.974215358587
0.97421546314
0.974209161099
0.974197457211
0.974153620285
0.97415195827
0.974144960588
0.97412427618
0.974124192305
0.974113860127
0.974084646447
0.974068812315
0.974060764935
0.974058855584
0.974033581653
0.97402303806
0.973990058154
0.973988450154
0.973969347885
0.97396776331
0.973969465609
0.973937841547
0.973897834213
0.973898857031
0.973876881333
0.973850322161
0.973833759832
0.97383704359
0.973798234466
0.973784969557
0.973778131197
0.973769141047
0.973746228318
0.973740228282
0.973730103465
0.973703607564
0.973701224107
0.973695160667
0.973686300461
0.973658672307
0.973629834835
0.973624996927
0.973602895041
0.973594647985
0.973590301252
0.973585424228
0.973548971925
0.973537679519
0.973535312778
0.973514685987
0.973509991145
0.973511386088
0.973476139198
0.973449411793
0.973444503582
0.973438941363
0.973416037903
0.973407774543
0.973385687922
0.973369192764
0.973349248714
0.973339913442
0.973325612791
0.973261693307
0.973255355779
0.973244077312
0.973238440987
0.973204364725
0.973193033848
0.973160037073
0.97313996931
0.973121914844
0.973117501778
0.973108090277
0.973073909127
0.973045363366
0.973029679029
0.973003819814
0.972994555223
0.97297982508
0.972962574207
0.972920367103
0.97290860372
0.972894113845
0.972867596882
0.972850046662
0.972830222623
0.972796233656
0.97276116861
0.97274854202
0.972730629364
0.972694512116
0.972682454064
0.972657150223
0.972637842284
0.972600707441
0.97258712826
0.972567837085
0.972533627777
0.972500028086
0.97247859763
0.972465424065
0.972430571186
0.972419148864
0.972400076622
0.972339334657
0.972315900836
0.972302314158
0.972272343932
0.972233756229
0.972206244433
0.972166357554
0.972118819193
0.972095372784
0.972071728149
0.972043506592
0.971983282984
0.971950816781
0.971909457868
0.971859112685
0.971832658307
0.97179924882
0.971767242838
0.97170401585
0.971650812781
0.97160698387
0.971525349044
0.971489277214
0.971457011292
0.971405220607
0.97133981312
0.971308706063
0.971248600065
0.971191481977
0.971182903957
0.971129714647
0.971074693706
0.970992786916
0.970939726842
0.970900405017
0.970863719982
0.97081131015
0.970759029978
0.970706978339
0.970592875666
0.970546928371
0.970482170504
0.970392694188
0.970313227425
0.970258875115
0.970176393243
0.970063281186
0.970079468831
0.969989430506
0.969900046175
0.969798461923
0.969707102634
0.969610854239
0.969588798274
0.969496877222
0.969428133327
0.969314052325
0.969218589669
0.96913881175
0.969124456147
0.968940369673
0.968874811897
0.968803297282
0.968655173151
0.9685809725
0.968555254649
0.968456595868
0.968325966937
0.968228201157
0.968098722349
0.967931874394
0.967894849709
0.967797487279
0.967687021021
0.967473296348
0.967369791694
0.967258064767
0.967185021628
0.967066113707
0.966943048906
0.966815132879
0.966597865193
0.966471130601
0.966401047899
0.966218918084
0.966103082227
0.965961422445
0.965790013017
0.965589837779
0.965542353759
0.965383765132
0.965158735574
0.964994833709
0.96486307936
0.964739059236
0.964622447218
0.964502449594
0.964328636837
0.964009885831
0.963869613892
0.96378515065
0.963555343056
0.963324549834
0.963150436528
0.962950484233
0.96267616191
0.962483507418
0.962254932811
0.962028040179
0.961697940035
0.96144650831
0.961148611723
0.96093151045
0.960622176208
0.960332948422
0.959939024554
0.95952943341
0.95906820108
0.958645125514
0.958089757411
0.957488624362
0.956773060917
0.956092333013
0.955468667715
0.954812448762
0.953976414081
0.954290578609
0.953460677378
0.952674632233
0.951894707214
0.951352679209
0.95066116823
0.949580042504
0.948837627346
0.947633468737
0.946545240963
0.945601833868
0.944660211562
0.943474020148
0.942302627922
0.941199689872
0.939997231425
0.9382072061
0.936382350432
0.935332480089
0.932746557802
0.929400512795
0.927473489117
0.923784132065
0.920093765358
0.916311553377
0.915122525133
0.911374353537
0.907464306367
0.904449146447
0.899755950093
0.895430316101
0.889908155186
0.884281340843
0.876653547213
0.867702759146
0.861681398345
0.852908418345
0.844840890654
0.830084444913
0.813626346309
0.791345307817
0.761507484245
0.734715645992
0.716675219016
0.69604248955
0.673714577005