1.0
0.996772945386
0.995595998291
0.99414191925
0.989127480787
0.988457522591
0.988765155621
0.986561004875
0.986858637986
0.986784307749
0.987089966552
0.985939623875
0.986180459083
0.986095103875
0.985298249353
0.985251380809
0.98529636391
0.985327871411
0.984795954942
0.984790167216
0.984777006479
0.984431064075
0.984435757317
0.984325713736
0.98434918265
0.98419257773
0.984242515412
0.984196612237
0.984017149033
0.984047008112
0.984098421714
0.984069494941
0.98404895686
0.983977462485
0.98396492787
0.983983749884
0.983991487693
0.983930637931
0.98391800848
0.983869421551
0.983900181107
0.983938695642
0.983664810273
0.983674771939
0.983718912513
0.983756860381
0.983684217353
0.983729012243
0.983771718201
0.983696708593
0.983745385724
0.983763523601
0.983787730843
0.983686923554
0.983727645697
0.983739466339
0.983734212483
0.983787664491
0.983823501665
0.983872086764
0.983806584621
0.98382611699
0.983881833426
0.983774316523
0.983792980408
0.983834346479
0.983862075928
0.983775982982
0.983821833377
0.983848187972
0.98381777565
0.983849846825
0.983868731806
0.983900266288
0.983852923144
0.983886008507
0.983907758516
0.983915187583
0.983930844171
0.9839507936
0.983976573814
0.983945350382
0.983939288767
0.983964200973
0.983909393025
0.983942977954
0.983964183078
0.983996946011
0.983898216703
0.983935484093
0.98396084098
0.983934646333
0.983939444929
0.983970333837
0.983997887532
0.983937064591
0.983951079414
0.983976074836
0.98389895561
0.983921173595
0.983944063788
0.983966313998
0.983875306275
0.983902515609
0.983926492115
0.983922254562
0.983942353879
0.98396958566
0.983991227991
0.983978405145
0.984005543097
0.984036808079
0.984019215297
0.984038894629
0.984054775583
0.984076344417
0.984075432816
0.984083873818
0.984087557169
0.984086399818
0.984107707551
0.98411773935
0.984127004384
0.984118179563
0.984145149482
0.984177273973
0.984154831578
0.984175041383
0.984202739081
0.984213925942
0.984218094455
0.984241958934
0.984264748295
0.984212214924
0.984243316644
0.984256782274
0.984284366407
0.984260211829
0.984279878458
0.984295959833
0.984286324368
0.984307004034
0.984325949938
0.984348601985
0.984323459617
0.984344606321
0.984369839125
0.984341849845
0.984364236678
0.984374203744
0.984397024284
0.98437717231
0.984398195404
0.984410678679
0.984423459883
0.98443767344
0.98445699339
0.984470476658
0.984456412865
0.984473613809
0.984495118285
0.984448160658
0.984467545112
0.984480755564
0.98450263357
0.984476461192
0.984492840695
0.984509982089
0.984509034398
0.98453140939
0.984555070063
0.984569791962
0.984548134312
0.984570334842
0.984593638911
0.984584021768
0.984606133017
0.984618951926
0.984643596715
0.98463532519
0.984657783389
0.984680790886
0.984661050527
0.984675045959
0.98469768121
0.984718740727
0.984704430756
0.984725834814
0.984748745883
0.984757957768
0.9847785564
0.984800780356
0.984819387109
0.98480703219
0.984824721925
0.984844120802
0.984834413966
0.984851227915
0.984861851082
0.984879112103
0.984875218543
0.984892797195
0.984907406645
0.984922924293
0.98493715486
0.984956184844
0.984970597258
0.984955051329
0.984969888624
0.984987263471
0.984969179146
0.984988597286
0.98500540174
0.985024851812
0.984997577885
0.98501896016
0.985038339781
0.985039317294
0.98505589833
0.985077475245
0.985098032793
0.985077653165
0.985095053416
0.985113867097
0.985110432709
0.985128470258
0.985144262413
0.985162940571
0.985166622171
0.985185559275
0.985197130532
0.985190221366
0.985205267926
0.985225143757
0.985241838948
0.985241624859
0.985254120863
0.985269658502
0.985270792807
0.985285009114
0.985299466334
0.98531449569
0.985301378542
0.985313326739
0.985326140424
0.985320376509
0.98533054047
0.98534617713
0.985358507371
0.985356918599
0.985374101022
0.985391940718
0.985396348762
0.985415143149
0.9854332782
0.985449254581
0.985445926701
0.985464172237
0.985484552047
0.985466607468
0.98548220739
0.985499654718
0.985514033923
0.985497238576
0.985513199111
0.985526425574
0.985527657739
0.985544611112
0.985561679836
0.985574272855
0.985558681958
0.985565853489
0.985579443531
0.985573221941
0.985585398183
0.98559104482
0.98560275668
0.985603893191
0.98561611646
0.985627877209
0.985624506016
0.985636135977
0.985652504346
0.985667534868
0.985652701271
0.985663626719
0.98567839298
0.985686733551
0.985701212895
0.985711895199
0.98572544828
0.98573071088
0.985746476977
0.985761553355
0.985742442538
0.985754847129
0.985770240148
0.985784344796
0.985788058687
0.985800496372
0.985815058093
0.985814043661
0.985830517593
0.985845294132
0.985861127086
0.985857989533
0.985872370364
0.985886669809
0.985890739129
0.985901210848
0.985915649997
0.98592981075
0.985932240396
0.985944037586
0.985957411124
0.985956544297
0.98596925152
0.985985099054
0.985997745275
0.985991077773
0.986003533163
0.986017050577
0.986012172064
0.986025356008
0.986035825626
0.986048830554
0.986051856776
0.986067671259
0.986082927553
0.986080844093
0.986093543
0.986107404693
0.986120047659
0.986116102153
0.986129146655
0.986141511605
0.986137072676
0.986150119194
0.986163010021
0.986176058615
0.986172824456
0.986184896015
0.986197225317
0.986188947324
0.986202063989
0.986214459593
0.986224475264
0.986230386342
0.986241778641
0.986253161884
0.986242513611
0.986254734037
0.9862652556
0.986276946343
0.986265057807
0.98627848247
0.986284694797
0.986269948245
0.986283926172
0.986297230666
0.986309288467
0.986309494618
0.986320661958
0.986334377845
0.986332995525
0.986345354822
0.986355890121
0.98636786187
0.986364427262
0.986376813155
0.986390085113
0.986385090356
0.98639148878
0.986404190231
0.986415466932
0.986418032027
0.986428797331
0.986434735223
0.986436926659
0.98644679188
0.986455754846
0.986466018254
0.986455900091
0.986463449485
0.986476292074
0.986465997676
0.986480099044
0.98648979473
0.986503767338
0.986493243352
0.986504744733
0.986513333437
0.986515297628
0.98652196262
0.986532300985
0.98654154608
0.986536272747
0.986546098855
0.986557197467
0.986551424462
0.986561948857
0.986571116055
0.986582396294
0.9865759102
0.986588642144
0.986600594369
0.986594218014
0.986605009502
0.986615786296
0.986626967669
0.986627368885
0.986637797938
0.986650678301
0.986640372021
0.986652761953
0.986664165998
0.986676528114
0.986672154433
0.98668267372
0.986691550341
0.986698922413
0.986709048015
0.986719706756
0.986729246296
0.986726488745
0.986735925487
0.986747366977
0.986735023089
0.986745660937
0.986754149984
0.98676510063
0.986757407109
0.986768013237
0.986776589488
0.986764460681
0.986773530742
0.986784847929
0.986793282178
0.9867910963
0.98680135159
0.986809338845
0.986800818173
0.986810562198
0.986821062691
0.986832083528
0.986826707315
0.986837761783
0.98684973485
0.98684927863
0.986860112795
0.986870381378
0.986881575806
0.986877553521
0.986885310186
0.986892104838
0.986897552431
0.986902847994
0.986909006942
0.986912782401
0.986914252198
0.986918811181
0.986926137287
0.986920591428
0.986929669544
0.986937485893
0.986946302968
0.986934099248
0.986942987189
0.986946932768
0.986942990231
0.98694873319
0.98695601712
0.986961566075
0.986964084013
0.986972023677
0.986981241415
0.986977425875
0.98698843063
0.986998090482
0.987009832542
0.986997368995
0.987008066641
0.987015997134
0.987012903117
0.987020916145
0.987031365521
0.987039515885
0.987039813693
0.987046766078
0.98705539455
0.987055958743
0.987064343544
0.987069568745
0.987078004674
0.987072108651
0.987080712993
0.9870887149
0.987086914805
0.987092677765
0.987100932255
0.987096003061
0.987106462121
0.987116738333
0.987125753858
0.987122817099
0.987131993316
0.987143149555
0.987131108794
0.987141286327
0.987149831521
0.987160031417
0.987159022006
0.987167787323
0.987174046088
0.987165013501
0.987173196266
0.98718164431
0.987190445586
0.987195615008
0.98720329045
0.98721135284
0.987202244594
0.987209208787
0.987215035958
0.987223303332
0.987225424288
0.987233838197
0.987241163689
0.987238369968
0.987244647459
0.987254422233
0.987263344779
0.987242539768
0.987250426792
0.987259155718
0.987259839027
0.98726715506
0.987272848761
0.987280566114
0.987267258898
0.987273224193
0.987276838298
0.987272131228
0.98727827722
0.987284897351
0.987290556556
0.987286191238
0.987292249881
0.987299500255
0.987290853549
0.987297934222
0.987305121403
0.987312948035
0.98730911588
0.987317661794
0.987323548952
0.987319141621
0.987325200821
0.987332664812
0.987338488828
0.987330175792
0.987335996888
0.987342968356
0.987330727756
0.987336968765
0.987344859477
0.987352708852
0.98735666551
0.987363734974
0.987370999916
0.987366310458
0.98737186654
0.987375863291
0.987381601381
0.98737646935
0.987381549879
0.987386041316
0.987374139656
0.987376989792
0.987380447536
0.987383400786
0.98738164654
0.987386156472
0.987391679266
0.987373358293
0.987379859367
0.987385480784
0.987392027878
0.987383005571
0.987389675954
0.987394264494
0.987379395449
0.987384902513
0.987392112851
0.987397429579
0.987391276702
0.98739755198
0.987405526145
0.987398022132
0.987406111552
0.987411805412
0.987419730155
0.987397803639
0.987405776549
0.9874117559
0.987398519938
0.987404963807
0.987410987305
0.987414468423
0.987409049789
0.987413897359
0.987421768966
0.987404138023
0.987412343726
0.987418128892
0.987425805778
0.987415560211
0.987423329069
0.987429351882
0.987423591428
0.987428810807
0.987435377754
0.987443036115
0.987427355642
0.98743026366
0.987436475989
0.987427051768
0.987430359968
0.987436444989
0.987439998753
0.987423800285
0.987428926695
0.98743585222
0.987427448905
0.987433424852
0.987438294557
0.987444682357
0.987439358959
0.987444790275
0.987450211915
0.987428839658
0.987434328635
0.987440649749
0.987446010853
0.987440844725
0.987446983832
0.987453972226
0.987441623298
0.987447404312
0.98745113886
0.987457439189
0.987442673921
0.987448587621
0.98745580478
0.987443480776
0.987448304264
0.9874555496
0.987461219572
0.987453317991
0.987457170221
0.987463949532
0.987448871169
0.987454823556
0.987459562606
0.98746623033
0.987463438744
0.987469130897
0.987472900537
0.987458614742
0.987461042837
0.987466773676
0.987470008661
0.987452162543
0.987456492248
0.987462238485
0.987452127671
0.987457726478
0.987461874725
0.987467592662
0.987447268737
0.987451610904
0.987456112759
0.987446447543
0.987446402435
0.987451116944
0.987452680016
0.987443293156
0.987447684355
0.987453588092
0.987442004081
0.98744754393
0.98745295242
0.987457135915
0.987445206483
0.987449924516
0.987456463837
0.987448368014
0.987455464698
0.987459773613
0.987466605794
0.987446903366
0.987453070129
0.987458558701
0.987448665853
0.987452163568
0.987458665576
0.987462259297
0.987448539422
0.98745095916
0.987456259711
0.987438297773
0.98744304138
0.987445833885
0.987449778011
0.987439060021
0.987444267905
0.987445435487
0.98743078885
0.987435054072
0.987439743992
0.987439589931
0.987422776992
0.987423596432
0.987427880546
0.987409210279
0.987413290193
0.987413853779
0.987418069664
0.98740097094
0.987404242211
0.987404088809
0.987395925022
0.987396218114
0.987401697624
0.987403269507
0.987387278343
0.987390371148
0.987395623597
0.987372076547
0.987375814361
0.987375065759
0.987379281087
0.987354121544
0.987357567174
0.987353406912
0.98734115335
0.98734372506
0.987347111217
0.98734558676
0.98733901565
0.987340873891
0.987344975976
0.987333004976
0.987334239927
0.987339459312
0.987338760509
0.987318074556
0.987321319898
0.987325466237
0.98731018943
0.987314187424
0.987318867865
0.987323885978
0.987298613737
0.98730355743
0.98730344104
0.98729187815
0.98729174079
0.987294691397
0.987293112487
0.987283091656
0.987279189703
0.987282091439
0.98725880044
0.987261729295
0.987263259411
0.987265961805
0.98723536774
0.987237503119
0.987233333173
0.987211340903
0.987212412296
0.987215456769
0.987213733295
0.987191315921
0.98718669355
0.98718907248
0.987167733475
0.987171867895
0.987170351234
0.987174559187
0.987139040316
0.987144327129
0.98714439469
0.987117107271
0.987112199203
0.987115772649
0.987113756129
0.987101644826
0.987099920548
0.987101587776
0.987087810278
0.98709058734
0.987086205364
0.987089656759
0.987053477601
0.987056701119
0.987058161826
0.987037822431
0.987031651038
0.987032044175
0.987025986954
0.986996687837
0.986997370693
0.986990434164
0.986969905208
0.986965218688
0.98696621646
0.986962835186
0.986935261743
0.98693719279
0.986939837741
0.98689372321
0.986896150324
0.986898524128
0.98690058359
0.986870305142
0.98687221782
0.98687128887
0.986830225745
0.986831253178
0.986832996722
0.986832904283
0.986804122365
0.98680355531
0.986803786464
0.986748314245
0.986744439442
0.986739677952
0.986735557522
0.986697487767
0.986692676689
0.986684092289
0.98664047065
0.986637791102
0.986638513731
0.986634582645
0.986571233211
0.986572767798
0.986574365288
0.986515912485
0.986516992417
0.986516606163
0.986517887068
0.986457222969
0.986456068806
0.986452569301
0.986385467394
0.986382772192
0.986381659004
0.986373451217
0.986324574339
0.98631943417
0.986315244311
0.986246822208
0.986240107265
0.986228760696
0.986221778848
0.986151329078
0.986141929049
0.986123675432
0.986068150462
0.986055783315
0.986050138681
0.98603876606
0.985956907657
0.985951749739
0.985944326919
0.985813701837
0.985795918344
0.985783901581
0.985768296903
0.985612617808
0.985591291449
0.985576017907
0.985442250665
0.985426824426
0.985405063157
0.985388954018
0.985300011674
0.985285956194
0.985265105749
0.985204503766
0.985190096089
0.985181315421
0.985167125483
0.985093535273
0.985081983735
0.985073464532
0.984993734563
0.984988005495
0.984979591188
0.984974386981
0.984901981495
0.98489891966
0.984890383556
0.984820711848
0.984811713053
0.984807868958
0.984796775858
0.984733192336
0.984707882165
0.98469281202
0.984548110015
0.98452399243
0.984477879629
0.984457353097
0.984307991627
0.984277890744
0.984242777733
0.984101765917
0.984047188954
0.983997628816
0.983944687737
0.983749454811
0.983701621677
0.983658402626
0.983407636104
0.98338271326
0.983342721403
0.983314351718
0.982981652175
0.982947357675
0.982843390725
0.982620096083
0.982544110154
0.982507550543
0.982455973637
0.982201725085
0.982148338989
0.982079019901
0.981840953865
0.981742724862
0.981647660005
0.981528861382
0.981129194783
0.98098264479
0.980839695197
0.980469734985
0.980365572864
0.980253711723
0.980149623134
0.979789256799
0.979704192171
0.979610990139
0.979211116828
0.979045139824
0.97888936887
0.978710396203
0.978274733578
0.978052033467
0.977869415841
0.977394779257
0.977183779561
0.976893638971
0.976685053096
0.976136479658
0.975897609227
0.9756272399
0.974896943345
0.974048848677
0.973262422819
0.972382182592
0.972121339405
0.970931765849
0.969765055946
0.969407795921
0.968141265333
0.966798951875
0.965518154469
0.96454020065
0.962716379844
0.960612557522
0.960067017138
0.957820997341
0.955525899071
0.953252161475
0.952355627276
0.949505680048
0.94630839466
0.945413536956
0.940105646056
0.934824863661
0.9299210085
0.930710227723
0.925833507946
0.920205385299
0.909748011934
0.901495754186
0.888639301891
0.873063403002