1.0
0.998944625407
0.998544508403
0.998547193732
0.998633446696
0.997637691211
0.997726536
0.997818366733
0.997855249683
0.997902010876
0.997528990757
0.997630529642
0.997610071244
0.99757083349
0.997582470832
0.997541677534
0.997542448661
0.997533210403
0.99752110767
0.997515760996
0.997509889515
0.997510800095
0.9975224344
0.99754790785
0.997558063331
0.997508969652
0.997522357805
0.997535284872
0.997548007472
0.99756474481
0.997594252598
0.997603965214
0.997617627517
0.997631203572
0.997629413959
0.997649517082
0.997659838931
0.997656779453
0.997666115156
0.997676114
0.997620849866
0.997629295586
0.997638594908
0.997647843541
0.997659303474
0.997648871009
0.997657382309
0.997667948858
0.997683008486
0.997685710446
0.997689728898
0.997698794508
0.997705793346
0.997713658031
0.99772322317
0.997729588618
0.997737256069
0.997743095498
0.997749985267
0.997758526945
0.997760209724
0.997764896858
0.997764621138
0.997766270179
0.997770321472
0.997750195622
0.997754171276
0.99775663395
0.997762478236
0.997767538777
0.99776712785
0.997775590136
0.997785513549
0.997791860433
0.997799021563
0.997796437909
0.997802991394
0.997808242896
0.997812681618
0.997819138547
0.99780590011
0.997802791139
0.997801125248
0.997795480364
0.997792621473
0.997807176998
0.997806103128
0.997808788734
0.997808517764
0.99780828856
0.997796926467
0.997799750398
0.997804418759
0.997805953963
0.997807476097
0.99779895486
0.997803751774
0.997806015715
0.997808395763
0.997810245753
0.997802064555
0.997803330156
0.997804875104
0.997800702424
0.997803913668
0.997811831962
0.997814262197
0.997815180576
0.997815911985
0.997819069452
0.997817275237
0.997821043129
0.997824469904
0.997828843772
0.997834225151
0.997824522971
0.997829891547
0.99783525212
0.997839193087
0.997844659476
0.997833476929
0.997835216664
0.99783695096
0.997837945695
0.997839385565
0.997849266377
0.997849357976
0.997849443832
0.997849010152
0.997848680716
0.997852590068
0.997854284902
0.997856011315
0.997858513428
0.997860525413
0.997863759801
0.997861390425
0.997864189006
0.99786591135
0.997869705732
0.997839670761
0.997844319975
0.997848346641
0.997849968801
0.997853193274
0.997848507241
0.997850686571
0.997854426552
0.997858871046
0.997863167296
0.997861356876
0.997863108743
0.997865867375
0.997868622598
0.997870550165
0.997871394302
0.997873222498
0.997874881943
0.997876539424
0.997876908599
0.99788004686
0.99788051688
0.997882949003
0.997885924609
0.99788888924
0.997890094268
0.997893555659
0.997897626808
0.997900632765
0.997904383251
0.997904318639
0.997907624449
0.9979111211
0.99791512952
0.997916518541
0.997911059545
0.997914650847
0.997917727816
0.997920922989
0.997924716834
0.997928481598
0.997931512918
0.997934533949
0.997937551347
0.997939143962
0.997938707362
0.997941306099
0.997942521755
0.997945105293
0.997945542391
0.99794610522
0.997949506897
0.997952901128
0.997955799374
0.997959185888
0.997960817607
0.997963968909
0.997966505294
0.997969643226
0.997972031399
0.997970212696
0.997973455059
0.997976692909
0.997979924801
0.997983154187
0.997985392321
0.997987750313
0.997991544996
0.997994129649
0.997997174303
0.998000496485
0.998002104624
0.998004171492
0.998006683483
0.998007856148
0.998009004562
0.998011117452
0.99801248047
0.998014687359
0.998017085727
0.998011706737
0.998013921623
0.998016390352
0.998017911696
0.998019431267
0.998010998484
0.998012640178
0.998014280569
0.998016568812
0.998018882641
0.998019435535
0.998019640788
0.998019843472
0.99801930982
0.998019502932
0.99802304289
0.998022967807
0.998022891631
0.998023598212
0.998023844667
0.998025922434
0.998028559517
0.998031194453
0.99803299527
0.99803533215
0.998035802084
0.998036180535
0.998037151119
0.998038116793
0.998038658904
0.998036704769
0.998038285634
0.998039865235
0.998041859516
0.998043430638
0.998033494512
0.998035282408
0.998037501302
0.998038892207
0.998041103833
0.998041001698
0.998041550637
0.998043071785
0.998042954649
0.99804229469
0.998046969098
0.998048667279
0.998050664533
0.998052636974
0.998054463874
0.998056289418
0.998058525261
0.99806057736
0.998062640643
0.998065010756
0.998067725857
0.998068749554
0.998070890492
0.99807301489
0.99807447822
0.99807839717
0.99808033653
0.998082505613
0.99808428639
0.998084603928
0.998078967708
0.998081097445
0.998083538863
0.998085598834
0.998087383701
0.998086710195
0.998088784949
0.998091335734
0.998093508377
0.998095079568
0.998095028851
0.998096481902
0.998098502695
0.998100282093
0.998102646771
0.998104171808
0.998106046538
0.998108033296
0.998109754343
0.998111892017
0.998108981895
0.998111099903
0.998113213468
0.998114961867
0.998116350821
0.998118662741
0.998120573845
0.998122710236
0.998124302574
0.998125910187
0.998127001909
0.998128647274
0.998128758497
0.99813039765
0.998132035396
0.998130889871
0.998132232055
0.998133222262
0.998134433134
0.998134621169
0.998137790229
0.998139637793
0.998141482806
0.998143311684
0.998144920758
0.998144946852
0.998146946724
0.998149149235
0.998151348498
0.998152163855
0.998153983908
0.998155558394
0.998157671693
0.998159448091
0.998161571503
0.998161675817
0.998163620876
0.99816556991
0.998166952714
0.998168665017
0.998166876416
0.998167265459
0.998168948155
0.998171082365
0.99817299267
0.998170245104
0.998172044295
0.998173521173
0.998175316041
0.998177109669
0.998179395677
0.99818105165
0.998182706708
0.998183951308
0.998185601664
0.998179154382
0.998181128037
0.998183100848
0.998184961381
0.998186784673
0.998183511217
0.998184383372
0.998185254841
0.998185850854
0.998186862611
0.998187647973
0.998188037228
0.998189049361
0.998190059086
0.998190757318
0.998189653669
0.998191348812
0.998191835126
0.998192857476
0.998194550659
0.998191735407
0.998192540355
0.998193160555
0.998192621572
0.998193277171
0.9981932928
0.998194615834
0.998195937631
0.998197258006
0.99819857545
0.998186630038
0.998187389213
0.998188430653
0.998189470969
0.998190508416
0.99819152518
0.998193059105
0.998193461467
0.998194995289
0.998196525753
0.998186172748
0.998188053241
0.998189859085
0.998191640194
0.99819339998
0.998194638911
0.998196299082
0.998198223287
0.998200146959
0.998201705141
0.998201874493
0.998202789551
0.998204529537
0.998205974812
0.998207277884
0.998208686264
0.998208901053
0.998208997614
0.998209093608
0.998209459214
0.998215164112
0.998214840442
0.998215488949
0.998214884156
0.998215037169
0.998211072236
0.998212923299
0.998214771583
0.998216619118
0.998218464988
0.998215483297
0.998217317001
0.998219147687
0.998220977676
0.998222237804
0.998223781311
0.998224628133
0.998225341468
0.998226583464
0.998227432986
0.998223700495
0.998225305026
0.998226907207
0.998227965164
0.998229565391
0.998229415689
0.998230654546
0.99823142967
0.998232655095
0.998233507197
0.998234353451
0.998235441844
0.998236528707
0.998236118953
0.998237205509
0.998235448082
0.998236091963
0.998236683466
0.998237185608
0.998237687146
0.998237306795
0.99823809034
0.998238909666
0.998239828291
0.998240746473
0.998239851694
0.998241365538
0.998242225084
0.998243735682
0.998245245547
0.998244454317
0.998245264304
0.998247135439
0.998248716227
0.99825029667
0.998249320292
0.998250724042
0.998252127236
0.998253528096
0.998254928149
0.998257153062
0.998258374732
0.998259595806
0.99826081464
0.99826149315
0.998260512219
0.998261129623
0.998261533974
0.998262067888
0.998262600821
0.998264047577
0.998264632094
0.998264964212
0.99826583211
0.998266413138
0.998266754295
0.998268368052
0.998269981492
0.998271593117
0.998272705591
0.998272078418
0.998273676594
0.998275026667
0.998276613362
0.998278040531
0.998276859614
0.998278119672
0.998279526975
0.998280687706
0.998281227828
0.998282164302
0.998283089297
0.998284013441
0.998284590649
0.998285024683
0.998282470661
0.998283568683
0.998284665633
0.998285278455
0.998286372901
0.998286021121
0.998287567083
0.998288816629
0.998290563159
0.998291973464
0.998290935674
0.998292181932
0.998293238303
0.998294322246
0.998295130233
0.998295727093
0.998295956342
0.998297199147
0.99829820507
0.998299335932
0.998299008242
0.998300215183
0.998301273943
0.998302097169
0.998302804404
0.998304640992
0.998305381967
0.998306933064
0.998307673179
0.998308541745
0.998306346679
0.998307262005
0.998308740289
0.998309752975
0.998311161201
0.998308883185
0.998309583139
0.998310199512
0.998311262351
0.998310911042
0.998311397501
0.998312367914
0.998313336504
0.998313293707
0.99831426217
0.998310113476
0.998311417699
0.998312720239
0.998314022107
0.998315098403
0.998317131288
0.998317991451
0.998318626503
0.998319484378
0.998320341825
0.99832272892
0.998323855354
0.998324316039
0.99832498097
0.998325387462
0.998323607758
0.998324737502
0.998325866269
0.998326776109
0.998327148833
0.998329287116
0.998329903372
0.998330410955
0.998331241899
0.99833180483
0.998331417265
0.998332470402
0.998333385537
0.99833441088
0.998335435776
0.998333755213
0.998335133444
0.998336511091
0.998337153187
0.998338530051
0.998337952302
0.99833910746
0.998340152619
0.998341306421
0.9983426719
0.998338525657
0.998339729639
0.99834072283
0.998341924896
0.998343126589
0.998340307161
0.99834125115
0.998342194623
0.998343247525
0.998343981934
0.998343884336
0.998344026468
0.998344168339
0.998344308762
0.998344448508
0.99834690272
0.9983473272
0.998347751283
0.998348174182
0.998348596288
0.998343439637
0.998343888124
0.998344543409
0.998345197591
0.99834585082
0.998349629467
0.998350142272
0.998350449273
0.998350671968
0.998350828265
0.998351305033
0.998351804626
0.998352186152
0.998353362982
0.998354587404
0.998351829826
0.998352874406
0.998354080769
0.998355083636
0.998356190721
0.998356582674
0.998357865211
0.998359146914
0.998360428214
0.998361708055
0.998362987564
0.998364259423
0.998365530502
0.998366589601
0.998367413758
0.998366751447
0.998368392242
0.998369409471
0.998370027666
0.998371272361
0.998366489191
0.998366243168
0.998366783577
0.998366928744
0.99836746766
0.998368674947
0.99836904737
0.998369418751
0.998369789701
0.998370159548
0.998370988772
0.998371950306
0.998372910397
0.998373870342
0.998374829116
0.998375591178
0.99837651433
0.998377104713
0.998378333778
0.99837956204
0.998378227949
0.998378972346
0.998379715284
0.998380457981
0.998380894848
0.998373673413
0.998374361209
0.998374943326
0.99837551044
0.998376380287
0.998376812758
0.998376742239
0.998376956492
0.998377196842
0.998377436663
0.998379548895
0.998380176756
0.998380996353
0.998381668861
0.998382425718
0.998379177705
0.998380126171
0.998381122431
0.998382137026
0.998383500427
0.998382260174
0.998383328197
0.998384449828
0.99838563234
0.998386814407
0.998387995318
0.998389063686
0.998389836981
0.998390903746
0.998390573487
0.998388771031
0.99838967919
0.99839037786
0.998391672672
0.998392370704
0.998389826773
0.998390989444
0.998392047146
0.998393267956
0.99839371261
0.998392968142
0.998392879048
0.998392975678
0.998392332101
0.998392243866
0.998395598928
0.998395691183
0.998395783126
0.998395761935
0.998395735526
0.998395260794
0.998395433683
0.998395496766
0.998395544975
0.998395745353
0.998398122058
0.998398406735
0.998398806326
0.998399402113
0.998399626056
0.998398778945
0.998398814917
0.998399150699
0.998399452514
0.998399851208
0.998403373265
0.998403526236
0.998403678937
0.998404125102
0.998404051568
0.998404209932
0.99840379437
0.998402829479
0.998402478895
0.998402420225
0.998403194936
0.99840405931
0.998404854245
0.998405724909
0.998406636434
0.998402755137
0.998403857043
0.998404958457
0.99840605946
0.998407159401
0.998403506579
0.99840460308
0.998405526497
0.998406622128
0.998407716831
0.998406654509
0.998406965114
0.998407275032
0.998407584697
0.9984078932
0.998410523041
0.998410812352
0.998410929636
0.998411218106
0.99841096102
0.99841078788
0.998410344607
0.998409998612
0.998409877386
0.998409877923
0.998413937878
0.998413724078
0.99841314421
0.998413099404
0.998413053665
0.99841239969
0.998413051382
0.998413702148
0.998414184997
0.998414834819
0.99841491577
0.998415709916
0.998416170284
0.998416784411
0.998417583381
0.998413512025
0.998413527055
0.998413358622
0.998413109997
0.998412715156
0.998415168966
0.998415035517
0.998414900988
0.998414603167
0.998414467876
0.99841148611
0.998411803908
0.998411851193
0.998412167768
0.998412321499
0.998410249483
0.998409904125
0.998409557955
0.998408889187
0.998408542305
0.998409164155
0.998409235869
0.998409306876
0.998409377301
0.998409396399
0.998408073587
0.998407312376
0.998406665431
0.998406119823
0.998405574024
0.998405525734
0.998405387731
0.998405249091
0.998405109829
0.998404970266
0.998399665175
0.998400121914
0.998400595549
0.998401051213
0.998401191607
0.99840213354
0.998401831641
0.998401157763
0.99840104248
0.998400527261
0.998401004068
0.998400544522
0.998400233943
0.998399824979
0.998398338327
0.998397945742
0.998397449158
0.998397063903
0.998396722049
0.998396538495
0.998394599115
0.99839490446
0.998395209528
0.998395513786
0.998395817701
0.998390757847
0.998391470948
0.998391723894
0.998392436124
0.998393148032
0.998392423065
0.99839295503
0.998392856545
0.998393388115
0.998393919135
0.998394107435
0.99839460943
0.998394790127
0.998395292161
0.998395223855
0.998394338617
0.998395362874
0.998395823146
0.998396300384
0.998397199523
0.998396708223
0.998397329154
0.998398230952
0.998398613333
0.998399496137
0.998397418627
0.998398253024
0.998398961048
0.998399746711
0.998400381993
0.998399782593
0.998400105571
0.998400165064
0.998400743506
0.998401040975
0.998402565393
0.998403159057
0.998403811769
0.998403741719
0.998404246235
0.998402200778
0.99840251949
0.998402159504
0.998401822553
0.998401351173
0.998400609982
0.998400572811
0.998400273752
0.998400556291
0.998399883345
0.99839974039
0.998400407147
0.998400928621
0.998401594543
0.998401398369
0.998400022825
0.998400700734
0.998401520533
0.998401881727
0.998401838027
0.99840052975
0.998401327996
0.998401516515
0.998401574133
0.998401952922
0.998402859092
0.998402307829
0.998401510137
0.998400849961
0.998400422022
0.998401301216
0.998401190103
0.998401343055
0.998401185074
0.998401212489
0.998397449494
0.998396213875
0.998395600135
0.99839456728
0.998393953219
0.998394033935
0.998393847177
0.998393160901
0.998392694042
0.998391644074
0.998388568802
0.99838906455
0.998389867286
0.998390460865
0.998391056259
0.998389768103
0.998389351728
0.998389803376
0.998389771618
0.99838999923
0.998391497679
0.99839082013
0.998390110613
0.998389919222
0.998389594525
0.99838623069
0.998386533882
0.998386663506
0.998386758328
0.998387123101
0.998383307453
0.998382799709
0.998382293763
0.998381580557
0.998380895215
0.99838252438
0.998382091907
0.998381169697
0.998380921153
0.998379289558
0.99823979276
0.998238358688
0.998237232132
0.998236391217
0.998234198632
0.997990555925
0.997988061794
0.997984114042
0.997980960311
0.997978040895
0.997488994427
0.997481298811
0.997474778767
0.997466808601
0.997456505306
0.996875858457
0.996864993888
0.996852048587
0.996711810045
0.996699255184
0.995702640981
0.995682740045
0.995669730376
0.995393057154
0.994639791358
0.994629903759