1.0
0.998412659093
0.998062208034
0.997704495325
0.997666439142
0.996665216889
0.996720479436
0.996806598988
0.996885068083
0.996947679325
0.996609477307
0.996687399231
0.996735909802
0.996776219595
0.99683395779
0.996640773059
0.996667387318
0.996715238421
0.996763861014
0.99681139479
0.996486620076
0.996520666235
0.996566513156
0.996612053742
0.996656938054
0.996423072906
0.996433282785
0.996456438647
0.996483539614
0.996514345209
0.996470352331
0.996472019959
0.996495386059
0.996519996949
0.99652832632
0.996371579867
0.996381235615
0.996410993228
0.996439373786
0.99645308222
0.996352558705
0.996362517837
0.996377130615
0.996389231843
0.996400497765
0.996391657463
0.996384728973
0.99638696096
0.99639039448
0.996388376643
0.996273612877
0.996270132179
0.996265655661
0.996253780138
0.996250125772
0.996185770998
0.996181449169
0.996170558869
0.996166037672
0.99615651717
0.996100678364
0.996107004564
0.99611145582
0.996117767073
0.996125256553
0.996050473398
0.996055076418
0.996052851341
0.99605541902
0.996053874838
0.995973959789
0.995977403236
0.995989557822
0.995994999919
0.996004944787
0.995984017681
0.995990897814
0.996000894635
0.996009971917
0.996019996591
0.996016054775
0.99602670055
0.996034534857
0.99604438397
0.996054216123
0.996031744142
0.996034027887
0.996037657148
0.99604203624
0.996047007216
0.99602222717
0.996025779387
0.99603319428
0.996036667717
0.996040126042
0.996041496034
0.996052748228
0.996063461117
0.996072887656
0.996084074554
0.996067720869
0.996078476343
0.996089218842
0.996099927164
0.996110621021
0.996107937246
0.996116260777
0.996123715792
0.996128198825
0.996136490209
0.996124463302
0.996130031086
0.996136434092
0.996143965962
0.996149409475
0.996119835498
0.996123476937
0.996127737009
0.996131368635
0.99613267394
0.996133998646
0.996141394873
0.996144818804
0.996149801709
0.996155613294
0.996146601819
0.996154380164
0.996162149487
0.996168824043
0.996176646624
0.996144173042
0.996152983785
0.996161657203
0.996171703425
0.996178998067
0.996152355976
0.996159310051
0.996164922886
0.996170728711
0.996177139861
0.996174304855
0.99618168294
0.996185571241
0.996193477777
0.996200002637
0.996169966208
0.996177497144
0.996185559142
0.996192888324
0.996200926548
0.996189537899
0.996195171922
0.996201205155
0.996207233105
0.996212469653
0.996209762731
0.996214432572
0.996217797201
0.996221641437
0.996222238519
0.99619914119
0.996205446761
0.996212066361
0.9962186813
0.99622196214
0.996217710001
0.996223060542
0.996228783056
0.996234499791
0.996239821417
0.996221774549
0.996226993679
0.996232197596
0.996237397334
0.996242586696
0.996239173935
0.996245455972
0.996251724564
0.996257988438
0.996264243964
0.99625529473
0.996261348255
0.996266732051
0.996271791254
0.996278241208
0.996265243164
0.996268683403
0.996269934449
0.996273808613
0.99627767673
0.996278353106
0.996280526327
0.996282099867
0.996284433814
0.996287325577
0.996270450169
0.996276519346
0.996282579966
0.996288634088
0.996293970551
0.996270601256
0.996273946524
0.996278114783
0.996282491474
0.996286865262
0.996298053972
0.996297632221
0.996297782996
0.996296837002
0.996295887635
0.996283227686
0.996287419579
0.996291961474
0.996296266484
0.99630056861
0.996306481791
0.996313169441
0.996317292309
0.996323974592
0.996330654123
0.996313630696
0.996319196801
0.996321946997
0.996327509893
0.996333069878
0.996319682171
0.996323463888
0.996327243316
0.996331013941
0.996334781875
0.996329499179
0.996333887488
0.996338272532
0.996342650547
0.996347024704
0.996330492264
0.996333771714
0.996337049274
0.996340319592
0.996343586427
0.996355894346
0.99635730292
0.996361310196
0.996365632189
0.996369628812
0.996354779535
0.996359822521
0.996364863361
0.996369578266
0.996374608732
0.996371085753
0.996375617563
0.996380147243
0.99638435234
0.996388871926
0.996381189225
0.996385612024
0.996390031818
0.996394448006
0.996397021718
0.996397107027
0.99639923452
0.996401359237
0.996403480177
0.996405595817
0.996404593874
0.996406582128
0.996411510457
0.996416113835
0.996421033159
0.996413577959
0.996416187702
0.996418793957
0.99642139754
0.996423995183
0.996432140413
0.996434899609
0.996437977195
0.996441053153
0.996444122751
0.996428230465
0.996431561562
0.996435210068
0.996438856716
0.996442498056
0.996435987781
0.996439680108
0.996443367793
0.996447053554
0.996450734485
0.996441394203
0.996445658533
0.996449917515
0.996454175092
0.996458428183
0.996458422096
0.996462024334
0.996465621626
0.996469216685
0.996472808436
0.996465439442
0.996469739905
0.996474034672
0.996478328195
0.996482618019
0.996483676237
0.996487068731
0.996490456438
0.996493841888
0.996496572895
0.9964945816
0.996495618424
0.996496650864
0.996497681045
0.996498708796
0.996496179889
0.996498878813
0.996501573797
0.996504266253
0.996506631929
0.996499791646
0.996502558468
0.996505322042
0.996508082483
0.996510517875
0.996491578623
0.996492754452
0.996493927216
0.996495097122
0.996496265301
0.996503429902
0.996506184988
0.996508937727
0.996511686784
0.99651443484
0.996519253393
0.996520883882
0.996522512026
0.99652413676
0.996525759932
0.99652449866
0.996526822037
0.996529143747
0.996531461478
0.996533778075
0.996531270397
0.996534945743
0.996538294013
0.996540573319
0.99654424573
0.996539154676
0.996542056803
0.99654495771
0.996547854668
0.996550750126
0.996548857762
0.996552177883
0.996555496838
0.996558812045
0.996562125884
0.996555514516
0.996559061094
0.996562606355
0.996565158988
0.996568855852
0.996562195903
0.996565183146
0.996568169472
0.996571152669
0.996574134083
0.996571123657
0.996572574956
0.996574024978
0.99657547252
0.996576917662
0.996580553041
0.99658182077
0.996583087612
0.996584352173
0.996585614173
0.996580710287
0.996583751274
0.996586790827
0.996589828492
0.996592863516
0.996589431544
0.996593004259
0.99659657546
0.996600145019
0.996603711555
0.996585401766
0.99658858295
0.996591762447
0.996594169261
0.996597344994
0.996589961225
0.996592080364
0.996594197354
0.996596313358
0.996598425957
0.996593937265
0.996597196295
0.996600453468
0.996603709535
0.996606962578
0.996607467888
0.996610409994
0.996613349506
0.996616288247
0.996619224098
0.996613651776
0.996616302214
0.996618950265
0.996621597298
0.996622707303
0.996617507193
0.996620297947
0.996623085901
0.996625873013
0.996628657856
0.99661988672
0.996621851456
0.996623390713
0.996625352215
0.996627311624
0.996624032588
0.996626020357
0.996628005339
0.99662998933
0.996631971616
0.996635218523
0.996637684784
0.996640148081
0.996642610473
0.996645071159
0.996642639354
0.996645593378
0.996648545215
0.996651495564
0.996654444768
0.996645614662
0.996647416637
0.996649216246
0.996651014528
0.996652811685
0.996650193845
0.996652236747
0.996653194068
0.996655235751
0.996657276671
0.996640625675
0.996643065576
0.996645503816
0.996647940256
0.996650375863
0.996646945965
0.996648380827
0.996649741448
0.996651173326
0.996652604375
0.996652737846
0.996654920175
0.996657397322
0.996659576226
0.996661754517
0.996654214339
0.996657583505
0.996660951371
0.996664317216
0.996667682111
0.996663108806
0.996666314993
0.996669520526
0.996672723419
0.996675925766
0.996666276823
0.996668271764
0.996670265943
0.996672257827
0.99667424876
0.996666399167
0.99666884372
0.996670900946
0.996673343077
0.996675784314
0.996667759164
0.996670513227
0.996673266659
0.996676018035
0.996678768342
0.996678334906
0.996679052226
0.996679768736
0.996680483632
0.996681197176
0.996683004191
0.996684665474
0.996686326249
0.996687985228
0.996689643028
0.996687107771
0.996688359703
0.996689610849
0.996690860838
0.996692109065
0.996698167181
0.996699331661
0.996700495399
0.996701657856
0.996702818791
0.99668953933
0.996691923801
0.996694307307
0.996696689837
0.996699070494
0.996698714841
0.996701504386
0.996704292813
0.996707080456
0.996709866179
0.996706157245
0.99670934534
0.996712532286
0.996715718424
0.996718902622
0.996710314525
0.99671277151
0.996715227092
0.99671768223
0.996719772251
0.996714932492
0.996716414604
0.996717895317
0.996719375285
0.996720853666
0.996720780659
0.996722739004
0.996724695653
0.996726651838
0.996728606269
0.996723925403
0.996726354846
0.996728782613
0.996731209779
0.996733280424
0.996734186846
0.996736739849
0.996739291013
0.996741841584
0.996744094745
0.996741167057
0.996743060837
0.996744952771
0.996746844192
0.996748734398
0.996750256792
0.996752586502
0.996754914509
0.99675724176
0.996758553548
0.996758871423
0.996761534621
0.9967641962
0.996766857045
0.996769516929
0.996768699867
0.996771337857
0.996773974558
0.996776610193
0.996779245288
0.996773919372
0.996776490294
0.996779059884
0.996781628452
0.996784196431
0.996787859918
0.996789369542
0.996790878162
0.996792385577
0.996793892477
0.996797040424
0.996798841071
0.996800640697
0.996802439064
0.996804236974
0.996803976221
0.996806669005
0.996809066663
0.996811757283
0.996814447361
0.996812555175
0.99681459366
0.9968166315
0.99681866782
0.996820703753
0.996823588768
0.996825732217
0.996827875037
0.99683001633
0.996832157068
0.996827955046
0.996830715803
0.996833476261
0.996836235053
0.996838993379
0.996836372097
0.99683852468
0.996840676673
0.996842827314
0.996844977301
0.996843076882
0.996845061585
0.996847045917
0.996849028883
0.996851011123
0.996851302884
0.996853247907
0.996855192449
0.996857135855
0.996859078453
0.996860324274
0.996862149242
0.996863973753
0.996865797196
0.996867619698
0.996865036594
0.996867164273
0.996869291628
0.996871418024
0.996873543429
0.99687255557
0.996875030008
0.996877503748
0.996879976821
0.996882448689
0.996881392239
0.996883320473
0.996885248213
0.996887175165
0.996889100984
0.996890405071
0.996892354382
0.996894302867
0.996896250887
0.996898197569
0.996891981132
0.996894552387
0.996897122868
0.996899692827
0.996902261449
0.996903179322
0.996905581413
0.996907982629
0.996910383463
0.996912782929
0.996910543236
0.996912297588
0.996914050853
0.996915803776
0.996917555443
0.99692052427
0.996922425321
0.996924325392
0.996926224974
0.99692812353
0.996927192714
0.996929497707
0.996931801383
0.996934104805
0.99693640714
0.996931520124
0.996933003329
0.996934789852
0.996936575866
0.996938361104
0.996940997888
0.996942200484
0.996943401756
0.996944602709
0.996945802803
0.996946309851
0.99694802685
0.996949742647
0.99695145796
0.996953172638
0.996938187542
0.996940198167
0.996942207768
0.996944216761
0.996946225204
0.99694369865
0.996945826195
0.9969479527
0.996950078639
0.99695220405
0.996950825725
0.996951962962
0.996953099438
0.996954235045
0.996955370404
0.996956328975
0.996957321115
0.996958312423
0.996959303036
0.996960293154
0.99695965346
0.996961359192
0.996963064294
0.99696476845
0.996966472346
0.996963919006
0.996966080182
0.996968240778
0.996970400415
0.996972559674
0.996967114138
0.996968629825
0.996970145017
0.996971659202
0.99697317305
0.996972406335
0.99697391307
0.996975419455
0.996976637768
0.996978142986
0.99697686112
0.996979035815
0.996981210152
0.996983383469
0.996985533295
0.996984289632
0.996986210261
0.99698805902
0.996989946745
0.996991551848
0.996988908003
0.99699053897
0.996992169559
0.996993799291
0.99699542842
0.996994603356
0.996996337568
0.996998071493
0.996999518131
0.997001250726
0.996996332032
0.996998355273
0.99700012313
0.997002114587
0.997004105388
0.997001003834
0.997003135967
0.997005267811
0.997007399038
0.997009529473
0.997010185051
0.997012350168
0.997014514898
0.997015917293
0.997018081586
0.997014914885
0.997016485847
0.997018056315
0.997019314977
0.997020884148
0.997019451092
0.997020948811
0.997022446057
0.997023942833
0.997025438767
0.997023555432
0.997025310273
0.997027064465
0.997028818354
0.997030571214
0.997027451555
0.997028572062
0.99702969197
0.997030811578
0.997031930204
0.997036183951
0.997037590264
0.997038995805
0.997040401071
0.997040992818
0.997036012342
0.997037783507
0.997039553886
0.997041323986
0.997042785462
0.997044472578
0.997046227904
0.997047982391
0.997049736572
0.997051490075
0.997047085132
0.997047689389
0.997048292676
0.997048895717
0.99704949806
0.997050362798
0.997050422252
0.997050480858
0.997050539113
0.997050596832
0.997048528453
0.997049710037
0.997050890667
0.997052070998
0.997053250815
0.997044533699
0.997046113586
0.997047692726
0.99704927141
0.997050849683
0.997051027658
0.997052107269
0.997053186144
0.997054264558
0.99705508445
0.997052278772
0.997052909859
0.9970535403
0.997054170188
0.99705479979
0.997052216107
0.997053038162
0.997053859721
0.997054680648
0.997055501333
0.997048876
0.997050341879
0.997051807167
0.997053271874
0.997054736267
0.997049601883
0.997051277063
0.99705295191
0.997054625964
0.997056299802
0.997051538199
0.997053237171
0.997054634024
0.99705633196
0.997058029616
0.997055934046
0.997055950574
0.997056266948
0.997056282429
0.997056297692
0.9970461521
0.997046672717
0.997047193115
0.997047712694
0.997048231983
0.99703573644
0.997034350626
0.997032964505
0.997031328755
0.997029941784
0.997035907054
0.997028171999
0.997020436775
0.997012700796
0.99700496448
0.99702462834
0.997018642973
0.997012657276
0.99700667105
0.997000684318
0.996982438055
0.996983127985
0.996983817746
0.996984447354
0.996985028039
0.996966882894
0.996967227378
0.996967571615
0.996967963904
0.996968415101
0.996958802653
0.996959632331
0.996960461705
0.99696129065
0.996962119009
0.996952651756
0.996953824157
0.99695529169
0.996956758832
0.996957596039
0.996935382498
0.996935740973
0.996936098999
0.996936456768
0.996936813798
0.996923985667
0.996924623627
0.996925261205
0.996925418844
0.996926055816
0.996913941101
0.996914379654
0.996914817647
0.996915255499
0.996915692527
0.99688763727
0.996888564859
0.996889491917
0.996890418716
0.996891344902
0.996871925322
0.996872082471
0.996872768007
0.996873453331
0.99687413802
0.996859498482
0.996860273748
0.996861048352
0.996861822756
0.99686259661
0.996851941481
0.996852103633
0.996852265122
0.99685242634
0.996852587114
0.996834881225
0.996832051947
0.996829221931
0.996826391751
0.996822931359
0.996806673055
0.996803610047
0.996800546414
0.996797482447
0.996794418185
0.996763828942
0.996757856819
0.996751614024
0.996745641046
0.996739667685
0.996604055309
0.996591207867
0.9965783599
0.996565511548
0.99655266296
0.996479501371
0.996465803794
0.996452105715
0.996438407201
0.996424708482
0.996362043264
0.996349859554
0.996337675425
0.996325490858
0.996313275164
0.996190682741
0.996180099501
0.996169449749
0.996158833259
0.996148216617
0.995975304181
0.995966684064
0.995958008317
0.995949178987
0.995940349396
0.995757846669
0.995751450135
0.995745087274
0.995738897514
0.995732707621
0.995605023251
0.995598534551
0.995592045586
0.995585556001
0.995579066188
0.995279622337
0.995227741486
0.995175860486
0.995123492182
0.99507161056
0.995035945336
0.994951717439
0.994867934576
0.994783471614
0.994699320462
0.994434677379
0.994325192564
0.994215485039
0.994104863287
0.993994960307
0.993747700247
0.991864262954
0.989980825475
0.988076297298
0.986182504747
0.986439125122
0.984998856634
0.983546010247
0.981005075858
0.978770100219
0.977454796888