1.0
0.996728788225
0.995153300584
0.993035285272
0.987129041909
0.985993269062
0.986241620388
0.983055285272
0.983278028701
0.982805459129
0.983029297191
0.981772161514
0.982126545443
0.982221807673
0.981480051824
0.981622603123
0.981811337796
0.981936044968
0.98133418477
0.98134839489
0.98143835807
0.980949508251
0.981015102493
0.981009233393
0.98109310404
0.98084288438
0.980891006778
0.980798271875
0.980442891541
0.980367495017
0.980379240728
0.980337464255
0.980319274986
0.98021099484
0.980177002918
0.979937564561
0.979890446938
0.979867246627
0.979842944949
0.979460251767
0.979440501728
0.979439080985
0.979160810696
0.97918546854
0.979241688057
0.97924853795
0.978995860206
0.979009937622
0.979043811529
0.978892289343
0.978897975444
0.978924185767
0.978972892254
0.97884092616
0.978849511184
0.978894611007
0.978814102078
0.978825847295
0.978859997917
0.978883062713
0.978696641772
0.97867803372
0.978704597087
0.978562216808
0.978586679374
0.978598169553
0.97860185294
0.978485980982
0.978479864852
0.978514004694
0.978408792235
0.978432103867
0.978427163787
0.978464663426
0.978306894664
0.978319813008
0.978320618507
0.978264123872
0.978280676453
0.978313703327
0.978349511104
0.978248509153
0.978236618668
0.978256373883
0.978143009464
0.978170216283
0.978197283209
0.978237717107
0.978117878058
0.978155493166
0.978194316445
0.978129883703
0.978159175572
0.978210067031
0.97824682579
0.978183570002
0.978206313591
0.978249369894
0.978148097916
0.978187624783
0.978213468686
0.978254029877
0.97812671807
0.978170911876
0.97820919608
0.978134652002
0.978143011812
0.97817091816
0.97819586174
0.978155428452
0.978186668091
0.978215003197
0.978172220165
0.978205983703
0.978236348135
0.978273356022
0.978209939877
0.978242901599
0.97824744656
0.978248358663
0.978279002389
0.978317373173
0.978330174339
0.978280295336
0.978309022132
0.978344255693
0.978281441347
0.978305715518
0.978344960038
0.978372058999
0.978306150226
0.97831800228
0.978348404218
0.978312009947
0.978344159316
0.978363276737
0.978395024909
0.978367241627
0.978401515648
0.978427439928
0.978362799367
0.978374201732
0.978400155488
0.978423778695
0.978435135725
0.978458183885
0.978485752092
0.978446292538
0.978481733612
0.978517450915
0.978557268873
0.978499881905
0.978536628691
0.978557693265
0.978527297308
0.9785530836
0.978577635446
0.978604286326
0.978578333303
0.978603412062
0.97863756942
0.978555076686
0.978584841698
0.978604366641
0.978635784984
0.978607548774
0.978641867469
0.978669059253
0.978643466257
0.978671450915
0.978709018584
0.978738106751
0.978700918204
0.978731472001
0.978763928179
0.97878425122
0.978811489336
0.978841380964
0.978868910297
0.978815502781
0.978844197009
0.978864406867
0.97884531722
0.978856189798
0.978870596398
0.978887759961
0.978875573113
0.978887567181
0.978907261538
0.978878872712
0.978907496364
0.978933652701
0.978961554853
0.978937516512
0.978963589005
0.978991510834
0.978973366677
0.978998327888
0.979023027751
0.979048571351
0.979032546296
0.979058281638
0.979084283028
0.979046234598
0.979076057292
0.979105030679
0.97913098822
0.979114561415
0.979139570433
0.979168223493
0.979163901797
0.979191727133
0.979216701634
0.979244484528
0.9792225992
0.979251453577
0.97927652078
0.979254245238
0.979278621889
0.979303472171
0.979324946512
0.979329634435
0.979348573693
0.979372443194
0.9793629234
0.979383061704
0.979401115616
0.979419254624
0.979417782162
0.979434736299
0.979453269011
0.979428744735
0.979448743607
0.979471894476
0.979495282769
0.979509503227
0.979529574373
0.979551336776
0.979556967492
0.979581895552
0.979603297175
0.979628128504
0.979622349724
0.979649356484
0.979671288763
0.979675862384
0.979696540493
0.979721562161
0.979741507386
0.979728978095
0.979754509327
0.979778430596
0.979762616051
0.97978286605
0.979805996853
0.979829610179
0.979833113581
0.979850593578
0.979870178751
0.979867171751
0.979885111099
0.979901437734
0.979920314575
0.979907874649
0.979927215345
0.979944263624
0.979915833352
0.979931117028
0.979951690395
0.979967351459
0.979953049387
0.979975706438
0.979999417933
0.979997387561
0.980018887255
0.980036489038
0.980057502641
0.98004913416
0.980071344861
0.98009193199
0.98007656458
0.980100035132
0.980122525595
0.98014302177
0.980138549222
0.980155355166
0.980175773134
0.980179682886
0.980200551719
0.980218805202
0.980239610525
0.980219864259
0.980243720851
0.980266028664
0.980257415248
0.9802770505
0.980298500222
0.980315546256
0.980313532317
0.980330738379
0.980349266644
0.98034452863
0.980363121613
0.980380259477
0.980398930785
0.980390747051
0.980406740812
0.980421166492
0.980432729071
0.980440968577
0.980457327623
0.980473482367
0.980462720771
0.980481803547
0.980499086454
0.980496443853
0.980510967953
0.980529883237
0.980547857998
0.980547928018
0.98056603564
0.98058698337
0.980574441407
0.980593884991
0.980611433804
0.98063146366
0.980636367351
0.980653496276
0.980669157007
0.98066721855
0.980686504708
0.980706283197
0.980724566241
0.980693475004
0.980711634257
0.980730759684
0.980725221924
0.980741141667
0.980755642621
0.980771974547
0.980772444186
0.980790358303
0.980806544301
0.980798573242
0.980811451243
0.980825666795
0.980839465723
0.980827021343
0.980840634792
0.980855929471
0.980841878679
0.980860428813
0.980877677418
0.980895935577
0.980887560928
0.980901700715
0.980914223178
0.980912070724
0.980922557417
0.980934950991
0.98094652256
0.980925730127
0.98094241072
0.980959913169
0.980943651255
0.980961003808
0.980976340171
0.980992777932
0.980981858504
0.980995283807
0.981003082771
0.980996460774
0.981012209625
0.981029147621
0.981044877816
0.981049930215
0.981066543213
0.981082569518
0.981076292116
0.981090209472
0.981105030072
0.981119620708
0.981120854633
0.981133306169
0.981149063588
0.981152725171
0.981167599656
0.981181952493
0.981196690659
0.981175194203
0.98119016725
0.981204028791
0.981194714374
0.981206637873
0.981219905858
0.981232237757
0.981235387612
0.981248421545
0.981262468449
0.981233360704
0.981251730968
0.981267578299
0.981285976814
0.981267727112
0.981283908914
0.981297645834
0.981287642355
0.981303196992
0.981316927639
0.981332906725
0.981324240362
0.981336706546
0.981351705245
0.981342600637
0.981355547377
0.981366756103
0.981380270363
0.98136951012
0.981384571115
0.981399088125
0.981398476552
0.98141229269
0.981427681075
0.981439319008
0.981431893301
0.981446915956
0.98146269648
0.981466245574
0.981481398377
0.981496049674
0.981511259179
0.981494787183
0.981508264868
0.98152120493
0.981520626059
0.981532032488
0.981544078121
0.981555400447
0.981548189208
0.981562684773
0.981574742151
0.981566257885
0.981580745043
0.981595831358
0.981610469175
0.981601783037
0.98161147953
0.981623532554
0.981625512768
0.981638535075
0.981650655956
0.981664731166
0.981658399165
0.981672074679
0.981686344894
0.98167468994
0.981688697088
0.981703113027
0.981717304959
0.981717985378
0.981729309633
0.981744401336
0.981738242718
0.981751456059
0.981763899313
0.98177573098
0.981769553183
0.981782596501
0.981796160073
0.981788185073
0.981800219051
0.98181310671
0.981826792456
0.981825839287
0.981837702208
0.981850557811
0.981844727515
0.981858274468
0.981870396333
0.981883897304
0.981866223844
0.981879430613
0.981892450179
0.981870674477
0.981880300879
0.981891383208
0.981902099068
0.981888736653
0.981896699242
0.981907311223
0.981900233003
0.981914259661
0.981924917321
0.981938650899
0.981918790403
0.981931075602
0.981940787362
0.981933108942
0.981944258177
0.981955406441
0.981943701323
0.981955690304
0.981967677723
0.981979374206
0.981965084555
0.98197581294
0.981986723744
0.981974063145
0.981984980516
0.981994035887
0.982005098267
0.981989139149
0.982001506409
0.982011614994
0.981999495509
0.982010418241
0.982022298487
0.982032558841
0.982021335725
0.982030137583
0.982040091747
0.98203030953
0.98204113141
0.982049589873
0.982060476008
0.982053825194
0.982065530598
0.982075672731
0.982070483601
0.982082539742
0.982094000579
0.982102673567
0.982091921216
0.982102997763
0.982113026808
0.982102940102
0.982114461583
0.982122997877
0.982134604242
0.982128873017
0.982139149905
0.982148212682
0.982135449415
0.982142947286
0.982152995408
0.982162252828
0.982152844893
0.982160146483
0.982170268982
0.982159106887
0.982170122372
0.982176390143
0.982185915802
0.982173440206
0.98218506441
0.982196311599
0.9821856828
0.982195591132
0.982206116441
0.982215030247
0.982214104149
0.982225409053
0.98223698413
0.982219892158
0.982231676533
0.982243944521
0.982253234422
0.982257805364
0.982265849337
0.982275541834
0.982273551103
0.982285039658
0.982295966665
0.982307223951
0.982286266625
0.982296894633
0.982307992672
0.982300038611
0.982307786457
0.982318304287
0.982326426084
0.982303755658
0.982312519957
0.98232332043
0.982309706062
0.982319451111
0.982329345206
0.982339300007
0.982326698991
0.982333037987
0.982339435983
0.982330932634
0.982336860596
0.982344039272
0.98234818222
0.98233729678
0.982343555654
0.982351753032
0.982336966552
0.98234541896
0.982352276928
0.982360572134
0.982338733878
0.982348281207
0.982356607103
0.982343607633
0.982350859102
0.982359778551
0.982369717578
0.982358795078
0.982367596888
0.982376824295
0.982359546657
0.982370198762
0.982378060008
0.982389124235
0.982355001759
0.982364814909
0.982373285387
0.982351970092
0.982359388377
0.982367310568
0.982375202469
0.982361194522
0.982367386168
0.982374797667
0.982368740415
0.98237082224
0.982375476926
0.982377797169
0.982377963501
0.982381729428
0.982386153208
0.982367588687
0.98237645823
0.982384221519
0.982393183336
0.982381949061
0.982389549766
0.982396741851
0.982396407551
0.98240147714
0.982408881494
0.982416173925
0.98241336194
0.982419538026
0.982427660795
0.982406917345
0.9824165799
0.982426107306
0.982436797596
0.982426748155
0.982438260893
0.982448966362
0.982434854927
0.982444503349
0.982455824429
0.982465820768
0.982449620803
0.982457527096
0.98246804958
0.982452076801
0.982459922695
0.982464803184
0.982472457413
0.982466451019
0.982472519527
0.982477089542
0.982463414183
0.982468616582
0.982474475609
0.98247759894
0.982474918407
0.982480183295
0.982487358813
0.982476862305
0.982485689539
0.982492293485
0.982501236762
0.982489306236
0.982499409436
0.982508180287
0.982495139715
0.982504517695
0.982514159398
0.982522328023
0.982507240958
0.982513676886
0.982521084867
0.982512922162
0.982520879163
0.982529459653
0.982535618706
0.982530841319
0.982538478962
0.982546942276
0.982545621466
0.982551846691
0.982557944166
0.98256413966
0.982554981464
0.982562048798
0.982567572398
0.98256351613
0.982570406465
0.982577800506
0.98258449779
0.982562162345
0.982569088668
0.982577974473
0.982564899057
0.982573518965
0.982580296725
0.982588775777
0.982579719208
0.982587239548
0.982594893356
0.982589905134
0.982594120663
0.982599869646
0.982601474953
0.982593048257
0.98259761301
0.982604254977
0.982580494629
0.982587508153
0.982591518762
0.982598879272
0.982588638363
0.982595313305
0.982600582223
0.982569661892
0.982572342253
0.982576944677
0.98257962598
0.982562144911
0.982563141801
0.982566486148
0.982538428378
0.982543683772
0.982548364658
0.98255371612
0.982526860874
0.982529729159
0.982529525844
0.982487866003
0.982485454088
0.982485639177
0.982484042594
0.98243800471
0.982427200556
0.982418881149
0.982361391595
0.982348408657
0.982339118284
0.982325766072
0.98228964145
0.982287793221
0.98228920056
0.982254395535
0.982259459677
0.982262936932
0.982267695053
0.982236714998
0.982242241121
0.982245136102
0.982197519413
0.982200509767
0.98220486778
0.982205638989
0.982162166075
0.982163139975
0.982167360035
0.982128095583
0.982132626876
0.982134116645
0.982138268711
0.982101375383
0.982103722128
0.982102280317
0.982071488454
0.982070077936
0.982073305369
0.982071792612
0.982034259962
0.982034464334
0.982037652326
0.981993275181
0.981998254532
0.982000133113
0.982005571786
0.981938573886
0.981942938936
0.981945050672
0.981886033712
0.981882585845
0.981882761397
0.981876903361
0.981803627363
0.98180105313
0.981801933775
0.981720535691
0.981718758056
0.981716490874
0.981715044505
0.981617853474
0.98161294439
0.981606947774
0.981510232736
0.981497040923
0.981486351491
0.981474488088
0.9814187222
0.981408510639
0.981395336435
0.981328491861
0.981318194176
0.981311684503
0.981304308563
0.981238200967
0.981230462264
0.981226763983
0.981125954788
0.981118260316
0.981109966369
0.98110209429
0.98099181383
0.980978982279
0.980963522768
0.980834621612
0.980825925185
0.980819285152
0.980810217109
0.980669563553
0.980655905551
0.980645904619
0.980539256912
0.980520774663
0.980500646071
0.980481288243
0.980405349735
0.980390794012
0.980374610987
0.980305502744
0.980295618958
0.98029053943
0.980279386466
0.980207666563
0.980199783759
0.980196335841
0.980107198507
0.980103210356
0.980091525413
0.98008683307
0.979995453857
0.979992803066
0.979976530562
0.979912314584
0.97989919815
0.979895398072
0.979880880717
0.979786291773
0.97976501271
0.979757953978
0.979680555457
0.979670472529
0.979645859025
0.979636096768
0.979542864809
0.979534357312
0.979516338039
0.97942806209
0.979407407408
0.979398318132
0.97937899808
0.979259009659
0.979249720763
0.979224468146
0.979126487619
0.979090520722
0.979074962699
0.979035743057
0.978918550459
0.978860009512
0.978839213232
0.978683561065
0.97865688171
0.978599068529
0.978571723879
0.978349950748
0.978301651158
0.978224152938
0.97807225966
0.97798739768
0.97793908333
0.977850081155
0.977731413244
0.977660699964
0.977628543553
0.97743465902
0.977416765503
0.97737782011
0.977363451727
0.977210538193
0.977200538428
0.977173346816
0.977046964085
0.977026475561
0.97701703178
0.977005560809
0.976873458496
0.976851259705
0.97683088411
0.97670814445
0.976681658826
0.976651856523
0.976624594255
0.976523694927
0.976495223616
0.976465456573
0.976330068725
0.976269118226
0.976209241929
0.976141054128
0.975864984995
0.975745284677
0.975665776146
0.975287254164
0.975204990428
0.975111645048
0.975037098227
0.974731555093
0.974625019024
0.974516995298
0.974244185269
0.974083143814
0.973970847778
0.973795306633
0.973554687736
0.973464830192
0.973354744023
0.973092928376
0.972839230509
0.972629069806
0.972391147205
0.972011635379
0.971720062838
0.971475358919
0.970904002065
0.970672371838
0.970372516963
0.970139093695
0.9696243933
0.969358398204
0.969012884971
0.968685790262
0.968235628566
0.967900057999
0.96750914342
0.966709349183
0.965840002559
0.965023025193
0.964484780588
0.96357759565
0.962561007343
0.961722869042
0.960370788359
0.958866462859
0.957294889693
0.957405427895
0.955587825283
0.953791569026
0.952014622319
0.951563726375
0.950484867051
0.949550527925
0.948796878267
0.94713093005
0.945926800745
0.944029377656
0.943039374359
0.941061686226
0.939042801395
0.938301556635
0.935243615221
0.930126092347
0.927346836035
0.922912706083
0.918649887663
0.913992730144
0.911979272803
0.908506282837
0.904321507598
0.895588232907
0.892075471495
0.880323096059
0.870427259319
0.860951314717
0.854376955171
0.845673562447
0.837824302939